116 321
119 320
122 319
125 318
128 317
131 316
134 315
137 314
140 313
143 312
146 311
149 310
152 309
155 308
158 307
161 306
164 305
167 304
170 303
173 302
176 301
179 300
182 299
186 297
189 296
192 295
196 293
200 291
203 290
206 289
210 287
213 286
216 285
220 283
224 281
227 280
230 279
233 278
236 277
239 276
242 275
245 274
248 273
251 272
254 271
257 270
260 269
263 268
266 267
269 266
273 264
276 263
279 262
282 261
285 260
288 259
291 258
294 257
297 256
300 255
303 254
306 253
309 252
312 251
315 250
318 249
321 248
324 247
327 246
330 245
333 244
336 243
339 242
342 241
345 240
348 239
351 238
354 237
357 236
360 235
363 234
366 233
369 232
372 231
375 230
378 229
381 228
384 227
388 226
392 225
396 224
400 223
404 222
408 221
412 218
415 214
418 210
421 206
424 202
426 199
429 195
